Bengals 138 6.968342644 5.679963037 3.86509636 4.293604651 16 32 -146 3
Jaguars -70 5.756838906 6.717481359 4.161016949 3.683189655 33 23 -109 7
49ers -141 5.15716753 7.233926625 3.958974359 4.007936508 29 14 -97 2
Bills 22 6.08678501 6.360780423 4.777996071 4.390862944 32 30 343 2
Broncos 59 5.773643411 4.939172749 4.180048662 3.276960784 34 39 290 3
Saints -74 6.773962804 7.940260216 3.755667506 4.93111639 29 30 225 2
Buccaneers -77 6.516014235 6.656826568 4.751648352 3.446351931 30 31 336 4
Bears -66 6.264388489 6.534267913 3.946695096 4.466512702 26 14 14 7
Vikings 65 5.230460922 6.170779336 4.664556962 4.253041363 25 25 -78 0
Cardinals 176 7.567062818 5.92920354 4.241150442 3.903743316 30 44 -444 1
Chargers -74 6.120226308 6.958219446 3.455470738 4.808153477 27 24 -34 5
Browns -148 5.148036254 7.511691348 4.023684211 4.486899563 37 25 250 3
Chiefs 116 5.813102119 5.581395349 4.688073394 4.101827676 20 35 -63 2
Cowboys -107 5.819964349 6.711977935 4.632352941 4.195227766 37 15 -19 6
Dolphins -75 5.357030016 6.93423953 4.348837209 4.021912351 28 21 85 2
Eagles -53 5.807575758 6.342461442 3.943438914 4.5041841 34 34 -232 3
Giants -24 6.446153846 7.254840725 3.992555831 4.373873874 26 34 -298 4
Jets 81 6.300319489 5.76986755 4.169642857 3.579088472 30 35 20 4
Lions -44 5.859467456 6.632055881 3.771186441 4.207459207 27 26 145 2
Falcons -2 6.364471669 6.679084619 3.835714286 4.038461538 34 27 241 1
Packers 41 5.130645161 6.11301679 4.243119266 4.535714286 29 29 -201 3
Panthers 202 6.189138577 5.277650298 4.338403042 3.887362637 17 48 65 3
Patriots 156 6.539730135 5.841137124 3.665796345 3.979848866 21 36 -154 3
Rams -50 5.456211813 6.390186916 4.559440559 4.017660044 25 35 15 4
Ravens -77 5.847142857 6.440212415 3.859007833 3.973684211 32 15 405 5
Redskins 3 6.694158076 6.804014791 3.65034965 4.832512315 30 34 -128 4
Seahawks 150 6.577570093 5.646567381 4.526946108 3.602209945 21 34 212 4
Raiders -32 5.688087774 6.1085199 3.937837838 4.133004926 37 29 159 4
Steelers 90 7.036918138 6.434602517 4.443298969 3.819371728 34 35 -281 0
Texans 22 5.476335878 5.499549955 3.667372881 4.115979381 35 28 -81 3
Colts -77 5.304878049 6.570845382 3.631313131 4.318584071 35 31 -237 4
Titans -130 5.145454545 6.757239191 4.002695418 3.88961039 38 26 -203 6